Enero: 6.3, 9.74, -5.89, 4.63, 4.47, -5.86, 4.01, 0.6, -4.39, 8.11, 8.99, 0.1, -0.86, 5.13, 2.63, 0.36, -0.88, -8.6, -5.66, 2.97, 2.47, -6.67, -3.65, 4.44, 6.54, -7.46, -3.63, -2.15, -3.91, 5.74, 9.07
Febrero: 4.64, -6.17, -6.98, -9.75, 9.05, 4.25, -7.25, -0.45, -5.82, -3.87, -1.47, -0.01, -0.07, -6.06, -1.34, 1.28, -0.52, 0.64, -5.13, 9.62, -0.54, 1.4, 8.6, -7.28, -7.95, 3.2, 6.51, 3.25
Marzo: 11.62, 15.48, 21.74, 10.83, 20.14, 12.68, 17.93, 21.25, 15.68, 13.18, 13.97, 10.94, 23.06, 18.86, 22.05, 10.92, 23.07, 14.05, 15.14, 17.14, 10.76, 13.91, 10.19, 24.29, 18.91, 15.64, 12.61, 16.3, 14.96, 10.84, 12.09
Abril: 20.17, 14.67, 11.25, 14.3, 19.11, 23.6, 22.72, 19.15, 22.49, 24.48, 23.92, 16.2, 19.82, 19.6, 23.07, 23.89, 11.92, 16.32, 18.82, 24.75, 13.62, 17.14, 22.97, 15.94, 16.99, 16.23, 12.18, 14.5, 15.66, 17.47
Mayo: 21.56, 15.97, 16.98, 13.69, 12.28, 23.67, 22.53, 12.64, 21.34, 16.68, 15.57, 21.49, 21.97, 20.78, 22.56, 24.46, 18.8, 21.99, 18.67, 21.61, 18.47, 11.91, 20.41, 22.14, 18.56, 21.59, 13.0, 20.02, 22.68, 18.11, 21.47
Junio: 37.78, 43.41, 32.96, 36.9, 34.34, 41.38, 40.11, 27.55, 33.74, 29.86, 31.37, 37.41, 39.3, 33.62, 31.31, 35.49, 28.92, 35.73, 36.88, 33.8, 41.59, 36.2, 40.36, 36.98, 27.82, 36.89, 32.66, 41.23, 40.16, 39.43
Julio: 35.14, 27.24, 32.91, 35.31, 35.27, 38.52, 35.11, 38.77, 36.46, 42.4, 42.54, 36.25, 32.05, 38.36, 37.01, 32.49, 27.83, 32.3, 44.82, 38.17, 40.67, 27.82, 28.46, 29.63, 38.87, 30.71, 44.38, 44.65, 34.48, 43.31, 38.42
Agosto: 41.56, 39.98, 38.23, 38.74, 29.74, 35.57, 32.1, 27.58, 40.49, 27.02, 41.24, 43.43, 27.22, 35.73, 38.56, 31.22, 29.07, 31.79, 28.48, 30.38, 31.3, 36.9, 34.95, 29.74, 28.83, 41.18, 39.31, 44.32, 32.04, 36.5, 28.97
Septiembre: 15.78, 26.35, 23.85, 18.73, 25.01, 24.38, 25.87, 27.28, 17.36, 18.4, 15.1, 25.29, 18.17, 22.7, 17.87, 25.14, 25.69, 15.78, 21.89, 21.47, 19.27, 18.46, 26.92, 24.49, 20.57, 24.67, 19.12, 16.14, 15.89, 18.67
Octubre: 24.86, 23.48, 21.94, 17.43, 26.18, 20.7, 22.45, 24.82, 16.77, 22.95, 21.88, 16.5, 22.28, 26.6, 16.45, 25.27, 20.38, 22.4, 21.65, 17.5, 24.28, 25.68, 20.69, 22.76, 22.81, 16.9, 23.64, 16.31, 16.49, 20.97, 16.55
Noviembre: 25.18, 20.58, 17.19, 27.87, 20.13, 15.59, 23.3, 15.97, 22.19, 22.26, 17.78, 26.21, 21.52, 19.67, 16.96, 27.15, 18.9, 23.26, 19.93, 24.02, 27.83, 21.8, 17.86, 25.82, 20.24, 20.09, 21.51, 18.93, 15.79, 26.9
Diciembre: 8.96, 3.93, -7.77, -5.85, 0.0, 9.95, -7.18, -7.59, -5.4, 7.17, 6.98, -4.16, 0.81, 4.3, -8.07, -7.12, -8.75, 5.57, -1.77, -2.11, 4.05, 3.61, 0.92, 8.47, 1.93, -6.21, -3.47, -8.9, -8.51, 2.61, -2.22
